M =

     1     1     1     1
     1     1     1     1
     1     1     1     1
     1     1     1     1
     0     0     1     1
     0     0     1     1
     0     0     1     1
     0     0     1     1
     1     0     1     1
     1     1     1     1
     1     1     1     0
     1     1     1     1
     1     1     1     1
     1     1     1     1
     0     0     1     1
     0     0     1     1
     0     0     1     1
     0     0     1     1
     0     0     1     1
     0     0     1     1
     0     0     1     1
     0     0     1     0
     1     1     1     0
     1     1     1     1
     1     1     1     1
     0     0     1     1
     0     0     1     1
     0     0     1     1
     0     0     1     1
     0     0     1     1
     0     0     1     1
     0     0     1     1
     0     0     1     0
     0     0     0     0
     0     0     0     0
     1     1     0     1
     1     0     1     1
     0     0     1     1
     0     0     1     1
     0     0     1     1
     0     0     1     1
     0     0     1     1
     0     0     0     1
     0     0     0     0
     0     0     0     0
     0     0     0     0
     0     0     0     1
     1     0     1     1
     0     0     1     1
     0     0     1     1
     0     0     1     1
     0     0     1     1
     0     0     0     1
     0     0     0     1
     0     0     0     0
     0     0     0     0
     0     0     0     0
     0     0     0     0
     0     0     1     1
     0     0     1     1
     0     0     1     1
     0     0     1     1
     0     0     0     1
     0     0     0     1
     0     0     0     1
     0     0     0     0
     0     0     0     0
     0     0     0     0
     0     0     1     0
     0     0     1     1
     0     0     1     1
     0     0     1     1
     0     0     1     1
     0     0     0     1
     0     0     0     1
     0     0     0     1
     0     0     0     0
     0     0     0     0
     0     0     1     0
     0     0     1     0
     0     0     1     1
     0     0     1     1
     0     0     1     1
     0     0     1     1
     0     0     0     1
     0     0     0     1
     0     0     0     1
     0     0     0     0
     0     0     0     0
     0     0     1     0
     0     0     1     0
     0     0     1     1
     0     0     1     1
     0     0     1     1
     0     0     1     1
     0     0     1     1
     1     0     1     1
     0     0     0     1
     0     0     0     0
     0     0     1     0
     0     0     1     0
     0     0     1     0
     0     0     1     1
     0     0     1     1
     0     0     1     1
     0     0     1     1
     0     0     1     1
     1     0     1     1
     1     1     1     1
     0     0     1     0
     0     0     1     0
     0     0     1     0
     0     0     1     0
     0     0     1     1
     0     0     1     1
     0     0     1     1
     0     0     1     1
     0     0     1     1
     0     0     1     1
     1     1     1     1
     1     1     1     0
     1     1     1     0
     0     0     1     0
     0     0     1     0
     0     0     1     1
     0     0     1     1
     0     0     1     1
     0     0     1     1
     0     0     1     1
     0     0     1     1
     1     1     1     1
     1     1     1     1
     1     1     1     1
     1     1     1     1
     1     1     1     0
     1     1     1     1
     0     0     1     1
     0     0     1     1
     0     0     1     1
     0     0     1     1
     1     0     1     1
     1     1     1     1
     1     1     1     1
     1     1     1     1


double[][] amostras = new double[][] {
				
				 {1.0,     1.0,     1.0,     1.0},
			     {1.0,     1.0,     1.0,     1.0},
			     {1.0,     1.0,     1.0,     1.0},
			     {1.0,     1.0,     1.0,     1.0},
			     {0.0,     0.0,     1.0,     1.0},
			     {0.0,     0.0,     1.0,     1.0},
			     {0.0,     0.0,     1.0,     1.0},
			     {0.0,     0.0,     1.0,     1.0},
			     {1.0,     0.0,     1.0,     1.0},
			     {1.0,     1.0,     1.0,     1.0},
			     {1.0,     1.0,     1.0,     0.0},
			     {1.0,     1.0,     1.0,     1.0},
			     {1.0,     1.0,     1.0,     1.0},
			     {1.0,     1.0,     1.0,     1.0},
			     {0.0,     0.0,     1.0,     1.0},
			     {0.0,     0.0,     1.0,     1.0},
			     {0.0,     0.0,     1.0,     1.0},
			     {0.0,     0.0,     1.0,     1.0},
			     {0.0,     0.0,     1.0,     1.0},
			     {0.0,     0.0,     1.0,     1.0},
			     {0.0,     0.0,     1.0,     1.0},
			     {0.0,     0.0,     1.0,     0.0},
			     {1.0,     1.0,     1.0,     0.0},
			     {1.0,     1.0,     1.0,     1.0},
			     {1.0,     1.0,     1.0,     1.0},
			     {0.0,     0.0,     1.0,     1.0},
			     {0.0,     0.0,     1.0,     1.0},
			     {0.0,     0.0,     1.0,     1.0},
			     {0.0,     0.0,     1.0,     1.0},
			     {0.0,     0.0,     1.0,     1.0},
			     {0.0,     0.0,     1.0,     1.0},
			     {0.0,     0.0,     1.0,     1.0},
			     {0.0,     0.0,     1.0,     0.0},
			     {0.0,     0.0,     0.0,     0.0},
			     {0.0,     0.0,     0.0,     0.0},
			     {1.0,     1.0,     0.0,     1.0},
			     {1.0,     0.0,     1.0,     1.0},
			     {0.0,     0.0,     1.0,     1.0},
			     {0.0,     0.0,     1.0,     1.0},
			     {0.0,     0.0,     1.0,     1.0},
			     {0.0,     0.0,     1.0,     1.0},
			     {0.0,     0.0,     1.0,     1.0},
			     {0.0,     0.0,     0.0,     1.0},
			     {0.0,     0.0,     0.0,     0.0},
			     {0.0,     0.0,     0.0,     0.0},
			     {0.0,     0.0,     0.0,     0.0},
			     {0.0,     0.0,     0.0,     1.0},
			     {1.0,     0.0,     1.0,     1.0},
			     {0.0,     0.0,     1.0,     1.0},
			     {0.0,     0.0,     1.0,     1.0},
			     {0.0,     0.0,     1.0,     1.0},
			     {0.0,     0.0,     1.0,     1.0},
			     {0.0,     0.0,     0.0,     1.0},
			     {0.0,     0.0,     0.0,     1.0},
			     {0.0,     0.0,     0.0,     0.0},
			     {0.0,     0.0,     0.0,     0.0},
			     {0.0,     0.0,     0.0,     0.0},
			     {0.0,     0.0,     0.0,     0.0},
			     {0.0,     0.0,     1.0,     1.0},
			     {0.0,     0.0,     1.0,     1.0},
			     {0.0,     0.0,     1.0,     1.0},
			     {0.0,     0.0,     1.0,     1.0},
			     {0.0,     0.0,     0.0,     1.0},
			     {0.0,     0.0,     0.0,     1.0},
			     {0.0,     0.0,     0.0,     1.0},
			     {0.0,     0.0,     0.0,     0.0},
			     {0.0,     0.0,     0.0,     0.0},
			     {0.0,     0.0,     0.0,     0.0},
			     {0.0,     0.0,     1.0,     0.0},
			     {0.0,     0.0,     1.0,     1.0},
			     {0.0,     0.0,     1.0,     1.0},
			     {0.0,     0.0,     1.0,     1.0},
			     {0.0,     0.0,     1.0,     1.0},
			     {0.0,     0.0,     0.0,     1.0},
			     {0.0,     0.0,     0.0,     1.0},
			     {0.0,     0.0,     0.0,     1.0},
			     {0.0,     0.0,     0.0,     0.0},
			     {0.0,     0.0,     0.0,     0.0},
			     {0.0,     0.0,     1.0,     0.0},
			     {0.0,     0.0,     1.0,     0.0},
			     {0.0,     0.0,     1.0,     1.0},
			     {0.0,     0.0,     1.0,     1.0},
			     {0.0,     0.0,     1.0,     1.0},
			     {0.0,     0.0,     1.0,     1.0},
			     {0.0,     0.0,     0.0,     1.0},
			     {0.0,     0.0,     0.0,     1.0},
			     {0.0,     0.0,     0.0,     1.0},
			     {0.0,     0.0,     0.0,     0.0},
			     {0.0,     0.0,     0.0,     0.0},
			     {0.0,     0.0,     1.0,     0.0},
			     {0.0,     0.0,     1.0,     0.0},
			     {0.0,     0.0,     1.0,     1.0},
			     {0.0,     0.0,     1.0,     1.0},
			     {0.0,     0.0,     1.0,     1.0},
			     {0.0,     0.0,     1.0,     1.0},
			     {0.0,     0.0,     1.0,     1.0},
			     {1.0,     0.0,     1.0,     1.0},
			     {0.0,     0.0,     0.0,     1.0},
			     {0.0,     0.0,     0.0,     0.0},
			     {0.0,     0.0,     1.0,     0.0},
			     {0.0,     0.0,     1.0,     0.0},
			     {0.0,     0.0,     1.0,     0.0},
			     {0.0,     0.0,     1.0,     1.0},
